County,Agency,Sworn,Reserve,Dispatcher,Total
ALAMEDA COUNTY,ALAMEDA CO SD/CORONER,962,7,32,1001
ALAMEDA COUNTY,ALAMEDA PD,69,0,16,85
ALAMEDA COUNTY,ALBANY PD,25,2,7,34
ALAMEDA COUNTY,BAY AREA RAPID TRANSIT PD,209,0,18,227
ALAMEDA COUNTY,BERKELEY PD,157,15,30,202
ALAMEDA COUNTY,CSU EAST BAY PD,12,0,2,14
ALAMEDA COUNTY,EAST BAY REG PARK DPS,59,0,15,74
ALAMEDA COUNTY,EMERYVILLE PD,37,0,11,48
ALAMEDA COUNTY,FREMONT PD,190,8,33,231
ALAMEDA COUNTY,HAYWARD PD,167,20,30,217
ALAMEDA COUNTY,LIVERMORE PD,83,4,20,107
ALAMEDA COUNTY,NEWARK PD,52,1,11,64
ALAMEDA COUNTY,OAKLAND CITY HOUSING AUTH PD,26,1,0,27
ALAMEDA COUNTY,OAKLAND PD,743,5,68,816
ALAMEDA COUNTY,OHLONE CCD PD,2,0,0,2
ALAMEDA COUNTY,PIEDMONT PD,19,4,7,30
ALAMEDA COUNTY,PLEASANTON PD,78,1,15,94
ALAMEDA COUNTY,SAN LEANDRO PD,80,0,15,95
ALAMEDA COUNTY,UC BERKELEY PD,45,0,7,52
ALAMEDA COUNTY,UNION CITY PD,68,0,1,69
ALPINE COUNTY,ALPINE CO SO,13,1,1,15
AMADOR COUNTY,AMADOR CO DA,8,0,0,8
AMADOR COUNTY,AMADOR CO SO/CORONER,43,8,12,63
AMADOR COUNTY,IONE PD,8,1,0,9
AMADOR COUNTY,JACKSON PD,9,7,0,16
AMADOR COUNTY,SUTTER CREEK PD,5,2,0,7
BUTTE COUNTY,BUTTE CCD PD,3,0,0,3
BUTTE COUNTY,BUTTE CO DA,17,0,0,17
BUTTE COUNTY,BUTTE CO SO/CORONER,180,22,17,219
BUTTE COUNTY,CHICO PD,95,1,22,118
BUTTE COUNTY,CSU CHICO PD,16,0,5,21
BUTTE COUNTY,GRIDLEY PD,10,7,9,26
BUTTE COUNTY,OROVILLE PD,22,3,8,33
BUTTE COUNTY,PARADISE PD,17,0,3,20
CALAVERAS COUNTY,ANGELS CAMP PD,7,0,0,7
CALAVERAS COUNTY,CALAVERAS CO DA,2,0,0,2
CALAVERAS COUNTY,CALAVERAS CO SD,65,3,9,77
COLUSA COUNTY,COLUSA CO DISTRICT ATTORNEY,3,0,0,3
COLUSA COUNTY,COLUSA COUNTY SD,28,0,6,34
COLUSA COUNTY,COLUSA PD,9,0,0,9
COLUSA COUNTY,WILLIAMS PD,11,0,0,11
CONTRA COSTA COUNTY,ANTIOCH PD,117,1,14,132
CONTRA COSTA COUNTY,BRENTWOOD PD,64,0,15,79
CONTRA COSTA COUNTY,CLAYTON PD,11,0,0,11
CONTRA COSTA COUNTY,CONCORD PD,130,8,17,155
CONTRA COSTA COUNTY,CONTRA COSTA CCD PD,21,0,0,21
CONTRA COSTA COUNTY,CONTRA COSTA CO DA,23,0,0,23
CONTRA COSTA COUNTY,CONTRA COSTA CO SO/CORONER,632,27,44,703
CONTRA COSTA COUNTY,EL CERRITO PD,34,1,0,35
CONTRA COSTA COUNTY,HERCULES PD,23,2,0,25
CONTRA COSTA COUNTY,KENSINGTON PD,8,1,0,9
CONTRA COSTA COUNTY,MARTINEZ PD,32,6,5,43
CONTRA COSTA COUNTY,MORAGA PD,11,1,0,12
CONTRA COSTA COUNTY,OAKLEY PD,33,0,0,33
CONTRA COSTA COUNTY,PINOLE PD,24,0,13,37
CONTRA COSTA COUNTY,PITTSBURG PD,80,2,0,82
CONTRA COSTA COUNTY,PLEASANT HILL PD,43,1,8,52
CONTRA COSTA COUNTY,RICHMOND PD,138,3,17,158
CONTRA COSTA COUNTY,SAN PABLO PD,56,0,0,56
CONTRA COSTA COUNTY,SAN RAMON PD,67,0,0,67
CONTRA COSTA COUNTY,WALNUT CREEK PD,76,26,16,118
DEL NORTE COUNTY,CRESCENT CITY PD,12,0,0,12
DEL NORTE COUNTY,DEL NORTE CO DA,2,0,0,2
DEL NORTE COUNTY,DEL NORTE COUNTY SO,26,9,5,40
EL DORADO COUNTY,EL DORADO CO DA,15,0,0,15
EL DORADO COUNTY,EL DORADO CO SO,167,4,17,188
EL DORADO COUNTY,PLACERVILLE PD,19,1,5,25
EL DORADO COUNTY,SOUTH LAKE TAHOE PD,38,4,8,50
FRESNO COUNTY,CLOVIS PD,99,10,22,131
FRESNO COUNTY,CLOVIS UNIF SCHL DIST PD,13,1,0,14
FRESNO COUNTY,COALINGA PD,16,0,4,20
FRESNO COUNTY,CSU FRESNO DPS,25,0,7,32
FRESNO COUNTY,FIREBAUGH PD,13,6,0,19
FRESNO COUNTY,FOWLER PD,10,1,0,11
FRESNO COUNTY,FRESNO CO DA,52,0,0,52
FRESNO COUNTY,FRESNO CO SO,408,63,47,518
FRESNO COUNTY,FRESNO PD,789,21,103,913
FRESNO COUNTY,FRESNO YOSEMITE INT'L AIRPORT,6,0,0,6
FRESNO COUNTY,HURON PD,11,2,4,17
FRESNO COUNTY,KERMAN PD,22,4,0,26
FRESNO COUNTY,KINGSBURG PD,18,9,0,27
FRESNO COUNTY,MENDOTA PD,12,4,0,16
FRESNO COUNTY,ORANGE COVE PD,11,3,0,14
FRESNO COUNTY,PARLIER PD,17,0,0,17
FRESNO COUNTY,REEDLEY PD,25,8,9,42
FRESNO COUNTY,SANGER PD,36,1,0,37
FRESNO COUNTY,SELMA PD,34,0,5,39
FRESNO COUNTY,STATE CENTER CCD PD,19,0,7,26
GLENN COUNTY,GLENN CO DA,1,0,0,1
GLENN COUNTY,GLENN CO SO/CORONER,42,5,7,54
GLENN COUNTY,ORLAND PD,12,0,0,12
HUMBOLDT COUNTY,ARCATA PD,24,0,5,29
HUMBOLDT COUNTY,CSU HUMBOLDT PD,11,0,4,15
HUMBOLDT COUNTY,EUREKA PD,44,3,11,58
HUMBOLDT COUNTY,FERNDALE PD,5,3,0,8
HUMBOLDT COUNTY,FORTUNA PD,17,0,5,22
HUMBOLDT COUNTY,HUMBOLDT CO DA,10,0,0,10
HUMBOLDT COUNTY,HUMBOLDT CO SO,193,24,12,229
HUMBOLDT COUNTY,HUMBOLDT DEPT WELFARE/INVEST,9,0,0,9
HUMBOLDT COUNTY,RIO DELL PD,6,1,0,7
IMPERIAL COUNTY,BRAWLEY PD,23,3,8,34
IMPERIAL COUNTY,CALEXICO PD,23,1,6,30
IMPERIAL COUNTY,CALIPATRIA PD,5,2,0,7
IMPERIAL COUNTY,EL CENTRO PD,44,1,11,56
IMPERIAL COUNTY,IMPERIAL CO DA,15,0,0,15
IMPERIAL COUNTY,IMPERIAL CO SO,96,11,10,117
IMPERIAL COUNTY,IMPERIAL PD,19,5,0,24
IMPERIAL COUNTY,WESTMORLAND PD,4,4,0,8
INYO COUNTY,BISHOP PD,10,4,7,21
INYO COUNTY,INYO CO DA,2,0,0,2
INYO COUNTY,INYO COUNTY SO,35,7,5,47
KERN COUNTY,ARVIN PD,18,4,5,27
KERN COUNTY,BAKERSFIELD PD,425,10,44,479
KERN COUNTY,BEAR VALLEY PD,4,0,0,4
KERN COUNTY,CALIFORNIA CITY PD,14,6,6,26
KERN COUNTY,CSU BAKERSFIELD DPS,13,0,7,20
KERN COUNTY,DELANO PD,48,3,8,59
KERN COUNTY,KERN CO DA,24,0,0,24
KERN COUNTY,KERN CO-DEPT OF PARKS & REC,5,0,0,5
KERN COUNTY,KERN COUNTY SO,763,23,39,825
KERN COUNTY,KERN HIGH SCHOOL DISTRICT PD,29,0,2,31
KERN COUNTY,MCFARLAND PD,14,2,3,19
KERN COUNTY,RIDGECREST PD,29,11,6,46
KERN COUNTY,SHAFTER PD,31,1,7,39
KERN COUNTY,STALLION SPRINGS PD,4,2,0,6
KERN COUNTY,TAFT PD,13,2,5,20
KERN COUNTY,TEHACHAPI PD,18,1,8,27
KINGS COUNTY,AVENAL PD,18,5,0,23
KINGS COUNTY,CORCORAN PD,18,2,8,28
KINGS COUNTY,HANFORD PD,60,0,14,74
KINGS COUNTY,KINGS CO DA,14,0,0,14
KINGS COUNTY,KINGS CO SHERIFF'S OFFICE,195,4,15,214
KINGS COUNTY,"KINGS CO-HUMAN SVCS,WELFARE FD",4,0,0,4
KINGS COUNTY,LEMOORE PD,32,5,0,37
LAKE COUNTY,CLEARLAKE PD,20,1,6,27
LAKE COUNTY,LAKE CO DA,5,0,0,5
LAKE COUNTY,LAKE CO SO,88,0,6,94
LAKE COUNTY,LAKEPORT PD,10,2,0,12
LASSEN COUNTY,LASSEN CO DA,1,0,0,1
LASSEN COUNTY,LASSEN CO SO,54,3,8,65
LASSEN COUNTY,SUSANVILLE PD,15,0,0,15
LOS ANGELES COUNTY,ALHAMBRA PD,79,2,12,93
LOS ANGELES COUNTY,AMTRAK PD,29,0,0,29
LOS ANGELES COUNTY,ARCADIA PD,64,5,9,78
LOS ANGELES COUNTY,AZUSA PD,52,3,9,64
LOS ANGELES COUNTY,BALDWIN PARK PD,57,0,11,68
LOS ANGELES COUNTY,BALDWIN PARK UNIF SCH DIST PD,6,0,0,6
LOS ANGELES COUNTY,BELL GARDENS PD,44,2,7,53
LOS ANGELES COUNTY,BELL PD,29,3,5,37
LOS ANGELES COUNTY,BEVERLY HILLS PD,130,9,17,156
LOS ANGELES COUNTY,BURBANK AIRPORT AUTH PD,35,0,0,35
LOS ANGELES COUNTY,BURBANK PD,146,12,18,176
LOS ANGELES COUNTY,CA DEPT INDUSTRIAL RELATIONS,3,0,0,3
LOS ANGELES COUNTY,CERRITOS CCD PD,13,0,0,13
LOS ANGELES COUNTY,CLAREMONT PD,35,3,7,45
LOS ANGELES COUNTY,COMPTON CCD PD,7,0,2,9
LOS ANGELES COUNTY,COMPTON UNIF SCH DIST PD,16,0,0,16
LOS ANGELES COUNTY,COVINA PD,53,1,11,65
LOS ANGELES COUNTY,CSU DOMINGUEZ HILLS PD,18,0,8,26
LOS ANGELES COUNTY,CSU LONG BEACH PD,19,0,11,30
LOS ANGELES COUNTY,CSU LOS ANGELES DPS,17,0,5,22
LOS ANGELES COUNTY,CSU NORTHRIDGE DEPT POLICE SVS,17,0,5,22
LOS ANGELES COUNTY,CSU POMONA DPS,22,0,6,28
LOS ANGELES COUNTY,CULVER CITY PD,105,10,0,115
LOS ANGELES COUNTY,DOWNEY PD,114,0,15,129
LOS ANGELES COUNTY,EL CAMINO CCD PD,11,1,3,15
LOS ANGELES COUNTY,EL MONTE PD,115,6,13,134
LOS ANGELES COUNTY,EL SEGUNDO PD,55,0,0,55
LOS ANGELES COUNTY,GARDENA PD,86,3,0,89
LOS ANGELES COUNTY,GLENDALE CCD PD,9,0,0,9
LOS ANGELES COUNTY,GLENDALE PD,228,11,22,261
LOS ANGELES COUNTY,GLENDORA PD,49,3,9,61
LOS ANGELES COUNTY,HACIENDA LA PUENTE USD,5,0,0,5
LOS ANGELES COUNTY,HAWTHORNE PD,87,2,0,89
LOS ANGELES COUNTY,HERMOSA BEACH PD,34,1,0,35
LOS ANGELES COUNTY,HUNTINGTON PARK PD,50,4,9,63
LOS ANGELES COUNTY,INGLEWOOD PD,181,0,18,199
LOS ANGELES COUNTY,IRWINDALE PD,28,2,6,36
LOS ANGELES COUNTY,LA VERNE PD,39,5,9,53
LOS ANGELES COUNTY,LONG BEACH DISASTER/EMERG COMM,0,0,46,46
LOS ANGELES COUNTY,LONG BEACH PD,798,22,0,820
LOS ANGELES COUNTY,LOS ANGELES CITY PARK RANGER,26,0,0,26
LOS ANGELES COUNTY,LOS ANGELES CO CORONER,53,0,0,53
LOS ANGELES COUNTY,LOS ANGELES CO DA,216,0,0,216
LOS ANGELES COUNTY,LOS ANGELES CO SD,9685,493,486,10664
LOS ANGELES COUNTY,LOS ANGELES PD,9420,390,574,10384
LOS ANGELES COUNTY,LOS ANGELES PORT PD,133,0,7,140
LOS ANGELES COUNTY,LOS ANGELES SCHOOL PD,266,0,0,266
LOS ANGELES COUNTY,LOS ANGELES WORLD AIRPORTS PD,484,0,0,484
LOS ANGELES COUNTY,MANHATTAN BEACH PD,59,1,0,60
LOS ANGELES COUNTY,MONROVIA PD,43,2,12,57
LOS ANGELES COUNTY,MONTEBELLO PD,64,7,8,79
LOS ANGELES COUNTY,MONTEBELLO UNIFIED SCHOOL DIST,3,0,0,3
LOS ANGELES COUNTY,MONTEREY PARK PD,70,17,13,100
LOS ANGELES COUNTY,PALOS VERDES ESTATES PD,17,6,6,29
LOS ANGELES COUNTY,PASADENA CITY CCD PD,10,0,10,20
LOS ANGELES COUNTY,PASADENA PD,216,8,30,254
LOS ANGELES COUNTY,POMONA PD,147,7,27,181
LOS ANGELES COUNTY,REDONDO BEACH PD,89,8,11,108
LOS ANGELES COUNTY,SAN FERNANDO PD,27,20,8,55
LOS ANGELES COUNTY,SAN GABRIEL PD,51,3,5,59
LOS ANGELES COUNTY,SAN MARINO PD,27,0,6,33
LOS ANGELES COUNTY,SANTA MONICA CCD PD,17,0,6,23
LOS ANGELES COUNTY,SANTA MONICA OFFICE EMER MGT,0,0,29,29
LOS ANGELES COUNTY,SANTA MONICA PD,215,0,0,215
LOS ANGELES COUNTY,SIERRA MADRE PD,16,6,6,28
LOS ANGELES COUNTY,SIGNAL HILL PD,27,0,7,34
LOS ANGELES COUNTY,SOUTH BAY REG PUB COMM AUTH,0,0,62,62
LOS ANGELES COUNTY,SOUTH GATE PD,82,1,9,92
LOS ANGELES COUNTY,SOUTH PASADENA PD,33,4,8,45
LOS ANGELES COUNTY,TORRANCE PD,197,0,22,219
LOS ANGELES COUNTY,UC LOS ANGELES PD,55,0,13,68
LOS ANGELES COUNTY,VERNON PD,43,1,7,51
LOS ANGELES COUNTY,WEST COVINA PD,86,6,17,109
LOS ANGELES COUNTY,WHITTIER PD,118,1,13,132
MADERA COUNTY,CHOWCHILLA PD,22,2,8,32
MADERA COUNTY,MADERA CO DA,9,0,0,9
MADERA COUNTY,MADERA CO SO,101,27,11,139
MADERA COUNTY,MADERA PD,67,1,9,77
MARIN COUNTY,BELVEDERE PD,6,1,0,7
MARIN COUNTY,CENTRAL MARIN POLICE AUTHORITY,39,2,1,42
MARIN COUNTY,FAIRFAX PD,10,1,4,15
MARIN COUNTY,MARIN CCD PD,4,0,0,4
MARIN COUNTY,MARIN CO DA,10,0,0,10
MARIN COUNTY,MARIN CO HEALTH & HUMAN SVCS,4,0,0,4
MARIN COUNTY,MARIN CO SO,193,0,46,239
MARIN COUNTY,MARIN MUNCPL WATER DIST,6,0,0,6
MARIN COUNTY,MILL VALLEY PD,21,1,0,22
MARIN COUNTY,NOVATO PD,51,0,10,61
MARIN COUNTY,ROSS PD,8,1,0,9
MARIN COUNTY,SAN RAFAEL PD,67,3,16,86
MARIN COUNTY,SAUSALITO PD,19,0,0,19
MARIN COUNTY,TIBURON PD,11,6,0,17
MARIPOSA COUNTY,MARIPOSA CO DA,1,0,0,1
MARIPOSA COUNTY,MARIPOSA CO SO,55,11,0,66
MENDOCINO COUNTY,FORT BRAGG PD,14,0,0,14
MENDOCINO COUNTY,MENDOCINO CO DA,7,0,0,7
MENDOCINO COUNTY,MENDOCINO CO HEALTH/HUMAN SVCS,6,0,0,6
MENDOCINO COUNTY,MENDOCINO CO SO,114,4,13,131
MENDOCINO COUNTY,UKIAH PD,25,0,11,36
MENDOCINO COUNTY,WILLITS PD,12,0,4,16
MERCED COUNTY,ATWATER PD,22,2,5,29
MERCED COUNTY,DOS PALOS PD,11,2,5,18
MERCED COUNTY,GUSTINE PD,8,3,0,11
MERCED COUNTY,LIVINGSTON PD,16,4,7,27
MERCED COUNTY,LOS BANOS PD,41,1,12,54
MERCED COUNTY,MERCED CCD PD,5,0,0,5
MERCED COUNTY,MERCED CO DA,8,0,0,8
MERCED COUNTY,MERCED CO SO,120,39,17,176
MERCED COUNTY,MERCED PD,92,5,15,112
MERCED COUNTY,UC MERCED PD,18,0,7,25
MODOC COUNTY,ALTURAS PD,8,1,0,9
MODOC COUNTY,MODOC CO SO,12,0,3,15
MONO COUNTY,MAMMOTH LAKES PD,14,0,0,14
MONO COUNTY,MONO CO DA,2,0,0,2
MONO COUNTY,MONO CO SD,23,0,17,40
MONTEREY COUNTY,CARMEL PD,13,0,3,16
MONTEREY COUNTY,CSU MONTEREY BAY PD,16,0,0,16
MONTEREY COUNTY,DEL REY OAKS PD,10,9,0,19
MONTEREY COUNTY,GONZALES PD,10,0,0,10
MONTEREY COUNTY,GREENFIELD PD,22,2,0,24
MONTEREY COUNTY,KING CITY PD,16,0,0,16
MONTEREY COUNTY,MARINA PD,29,0,0,29
MONTEREY COUNTY,MONTEREY CO DA,29,0,0,29
MONTEREY COUNTY,MONTEREY CO EMER COMM,0,0,67,67
MONTEREY COUNTY,MONTEREY CO SHERIFF'S OFFICE,288,3,0,291
MONTEREY COUNTY,MONTEREY PD,50,1,0,51
MONTEREY COUNTY,PACIFIC GROVE PD,17,0,0,17
MONTEREY COUNTY,SALINAS PD,149,0,0,149
MONTEREY COUNTY,SAND CITY PD,10,3,0,13
MONTEREY COUNTY,SEASIDE PD,28,0,0,28
MONTEREY COUNTY,SOLEDAD PD,17,5,0,22
NAPA COUNTY,CALISTOGA PD,10,0,7,17
NAPA COUNTY,NAPA CO DA,11,0,0,11
NAPA COUNTY,NAPA CO SO,103,0,0,103
NAPA COUNTY,NAPA PD,66,0,25,91
NAPA COUNTY,NAPA VALLEY COLLEGE DPS,4,0,0,4
NAPA COUNTY,NAPA VALLEY RR PD (OBS),2,0,0,2
NAPA COUNTY,SAINT HELENA PD,11,1,6,18
NEVADA COUNTY,GRASS VALLEY PD,28,8,0,36
NEVADA COUNTY,NEVADA CITY PD,8,2,0,10
NEVADA COUNTY,NEVADA CO DA,6,0,0,6
NEVADA COUNTY,NEVADA CO SO,63,4,13,80
NEVADA COUNTY,TRUCKEE PD,24,1,0,25
ORANGE COUNTY,ANAHEIM PD,373,23,32,428
ORANGE COUNTY,BREA PD,59,0,12,71
ORANGE COUNTY,BUENA PARK PD,85,4,14,103
ORANGE COUNTY,COAST CCD PD,1,0,0,1
ORANGE COUNTY,COSTA MESA PD,133,3,27,163
ORANGE COUNTY,CSU FULLERTON PD,24,0,8,32
ORANGE COUNTY,CYPRESS PD,49,0,0,49
ORANGE COUNTY,FOUNTAIN VALLEY PD,60,0,10,70
ORANGE COUNTY,FULLERTON PD,114,5,16,135
ORANGE COUNTY,GARDEN GROVE PD,172,9,20,201
ORANGE COUNTY,HUNTINGTON BEACH PD,211,2,27,240
ORANGE COUNTY,IRVINE PD,221,1,21,243
ORANGE COUNTY,IRVINE VALLEY CCD PD,8,0,4,12
ORANGE COUNTY,LA HABRA PD,65,6,16,87
ORANGE COUNTY,LA PALMA PD,20,5,8,33
ORANGE COUNTY,LAGUNA BEACH PD,50,3,12,65
ORANGE COUNTY,LOS ALAMITOS PD,19,2,0,21
ORANGE COUNTY,NEWPORT BEACH PD,134,2,18,154
ORANGE COUNTY,ORANGE CO DA,166,0,0,166
ORANGE COUNTY,ORANGE CO SD/CORONER,1915,134,49,2098
ORANGE COUNTY,ORANGE PD,152,4,17,173
ORANGE COUNTY,PLACENTIA PD,51,1,0,52
ORANGE COUNTY,PLACENTIA PUBLIC SAFETY COMM,0,0,14,14
ORANGE COUNTY,SADDLEBACK CCD PD,6,0,2,8
ORANGE COUNTY,SANTA ANA PD,351,4,36,391
ORANGE COUNTY,SANTA ANA UNIF SCHL DIST PD,25,0,0,25
ORANGE COUNTY,SEAL BEACH PD,38,1,0,39
ORANGE COUNTY,TUSTIN PD,94,6,15,115
ORANGE COUNTY,UC IRVINE PD,43,0,10,53
ORANGE COUNTY,WEST CITIES COMM CTR,0,0,18,18
ORANGE COUNTY,WESTMINSTER PD,77,5,13,95
PLACER COUNTY,AUBURN PD,20,2,9,31
PLACER COUNTY,LINCOLN PD,24,0,6,30
PLACER COUNTY,PLACER CO DA,17,1,0,18
PLACER COUNTY,PLACER COUNTY SO,250,88,24,362
PLACER COUNTY,ROCKLIN PD,59,2,13,74
PLACER COUNTY,ROSEVILLE PD,134,3,23,160
PLACER COUNTY,UNION PACIFIC RAILROAD,32,0,0,32
PLUMAS COUNTY,PLUMAS CO SO,30,6,11,47
RIVERSIDE COUNTY,BANNING PD,31,2,8,41
RIVERSIDE COUNTY,BEAUMONT PD,46,0,10,56
RIVERSIDE COUNTY,BLYTHE PD,19,1,6,26
RIVERSIDE COUNTY,CATHEDRAL CITY PD,47,1,17,65
RIVERSIDE COUNTY,CORONA PD,151,0,26,177
RIVERSIDE COUNTY,DESERT HOT SPRINGS PD,29,1,0,30
RIVERSIDE COUNTY,HEMET PD,72,0,14,86
RIVERSIDE COUNTY,INDIO PD,69,0,13,82
RIVERSIDE COUNTY,MENIFEE PD,62,1,0,63
RIVERSIDE COUNTY,MURRIETA PD,100,2,38,140
RIVERSIDE COUNTY,PALM SPRINGS PD,95,4,14,113
RIVERSIDE COUNTY,RIVERSIDE CCD PD,17,0,0,17
RIVERSIDE COUNTY,RIVERSIDE CO DA,113,0,2,115
RIVERSIDE COUNTY,RIVERSIDE CO PUBLIC SOCIAL SER,24,0,0,24
RIVERSIDE COUNTY,RIVERSIDE CO SD,2222,29,157,2408
RIVERSIDE COUNTY,RIVERSIDE PD,364,0,52,416
RIVERSIDE COUNTY,UC RIVERSIDE PD,27,0,6,33
RIVERSIDE COUNTY,VAL VERDE UNIF SCH DIST PD,6,8,0,14
SACRAMENTO COUNTY,CA ALCOHOLIC BEVERAGE CONTROL,184,0,0,184
SACRAMENTO COUNTY,CA ASSEMBLY SGT AT ARMS LEGIS,18,0,0,18
SACRAMENTO COUNTY,CA DCA BUREAU OF CANNABIS CTRL,39,0,0,39
SACRAMENTO COUNTY,CA DEPT CONSUMER AFF DEN BD,12,0,0,12
SACRAMENTO COUNTY,CA DEPT CONSUMER AFF INVEST,137,0,0,137
SACRAMENTO COUNTY,CA DEPT DEVELOPMENTAL OPS,83,0,0,83
SACRAMENTO COUNTY,CA DEPT EMPLOYMENT DEVELOPMENT,31,0,0,31
SACRAMENTO COUNTY,CA DEPT FISH & WILDLIFE,374,0,0,374
SACRAMENTO COUNTY,CA DEPT HEALTH CARE SVCS,68,0,0,68
SACRAMENTO COUNTY,CA DEPT INSURANCE FRAUD,178,0,0,178
SACRAMENTO COUNTY,CA DEPT JUSTICE,240,0,0,240
SACRAMENTO COUNTY,CA DEPT MOTOR VEHICLES,200,0,0,200
SACRAMENTO COUNTY,CA DEPT PARKS & RECREATION,538,0,44,582
SACRAMENTO COUNTY,CA DEPT PUB HEALTH FOOD/DRUG,79,0,0,79
SACRAMENTO COUNTY,CA DEPT SOCIAL SERVICES,61,0,0,61
SACRAMENTO COUNTY,CA DEPT STATE HOSPITALS,43,0,0,43
SACRAMENTO COUNTY,CA DEPT TOXIC SUBSTANCES CNTL,11,0,0,11
SACRAMENTO COUNTY,CA FRANCHISE TAX BOARD,33,0,0,33
SACRAMENTO COUNTY,CA HIGHWAY PATROL,6775,0,879,7654
SACRAMENTO COUNTY,CA HORSE RACING BOARD,12,0,0,12
SACRAMENTO COUNTY,CA OFFICE OF LE SUPPORT (OLES),4,0,0,4
SACRAMENTO COUNTY,CA SECRETARY OF STATE OFC INV,3,0,0,3
SACRAMENTO COUNTY,CA STATE FAIR PD,3,1,0,4
SACRAMENTO COUNTY,CA STATE LOTTERY,34,0,0,34
SACRAMENTO COUNTY,CAL - OES,17,0,0,17
SACRAMENTO COUNTY,CAL FIRE,175,0,0,175
SACRAMENTO COUNTY,CITRUS HEIGHTS PD,75,11,20,106
SACRAMENTO COUNTY,CSU SACRAMENTO UNIVERSITY PD,21,0,8,29
SACRAMENTO COUNTY,ELK GROVE PD,135,0,22,157
SACRAMENTO COUNTY,FOLSOM PD,76,3,15,94
SACRAMENTO COUNTY,GALT PD,28,2,6,36
SACRAMENTO COUNTY,LOS RIOS CCD PD,17,0,7,24
SACRAMENTO COUNTY,SACRAMENTO CO CORONER,15,0,0,15
SACRAMENTO COUNTY,SACRAMENTO CO DA,33,0,0,33
SACRAMENTO COUNTY,SACRAMENTO CO HUMAN ASST INV,23,0,0,23
SACRAMENTO COUNTY,SACRAMENTO CO REG PARKS DEPT,30,3,0,33
SACRAMENTO COUNTY,SACRAMENTO CO SD,1294,387,71,1752
SACRAMENTO COUNTY,SACRAMENTO PD,735,89,89,913
SACRAMENTO COUNTY,TWIN RIVERS USD PD,15,5,3,23
SAN BENITO COUNTY,HOLLISTER PD,33,2,0,35
SAN BENITO COUNTY,SAN BENITO CO DA,3,0,0,3
SAN BENITO COUNTY,SAN BENITO CO SO,55,12,0,67
SAN BERNARDINO COUNTY,APPLE VALLEY UNIF SCH DIST PD,9,1,0,10
SAN BERNARDINO COUNTY,BARSTOW PD,39,2,11,52
SAN BERNARDINO COUNTY,BURLINGTON NORTHRN SANTA FE RR,36,0,0,36
SAN BERNARDINO COUNTY,CHAFFEY CCD PD,13,0,0,13
SAN BERNARDINO COUNTY,CHINO PD,116,1,19,136
SAN BERNARDINO COUNTY,COLTON PD,52,0,11,63
SAN BERNARDINO COUNTY,CSU SAN BERNARDINO PD,15,0,7,22
SAN BERNARDINO COUNTY,FONTANA PD,186,7,27,220
SAN BERNARDINO COUNTY,FONTANA UNIFIED SCHOOL DIST,16,0,11,27
SAN BERNARDINO COUNTY,HESPERIA UNIFIED SCHOOL DIST,9,0,0,9
SAN BERNARDINO COUNTY,MONTCLAIR PD,45,5,10,60
SAN BERNARDINO COUNTY,ONTARIO PD,257,7,32,296
SAN BERNARDINO COUNTY,REDLANDS PD,80,2,13,95
SAN BERNARDINO COUNTY,RIALTO PD,109,1,12,122
SAN BERNARDINO COUNTY,SAN BERNARDINO CCD PD,10,0,1,11
SAN BERNARDINO COUNTY,SAN BERNARDINO CO DA,57,0,0,57
SAN BERNARDINO COUNTY,SAN BERNARDINO CO HUMAN SVCS,22,0,0,22
SAN BERNARDINO COUNTY,SAN BERNARDINO CO SD,1927,138,179,2244
SAN BERNARDINO COUNTY,SAN BERNARDINO PD,234,12,24,270
SAN BERNARDINO COUNTY,SAN BERNARDINO UNIF SCHL DIST,25,3,7,35
SAN BERNARDINO COUNTY,SNOWLINE JOINT UNIF SCHL DIST,3,3,0,6
SAN BERNARDINO COUNTY,UPLAND PD,65,5,12,82
SAN BERNARDINO COUNTY,VICTOR VALLEY COLLEGE PD,6,5,0,11
SAN DIEGO COUNTY,CA DEPT OF FIN PROT AND INNOV,5,0,0,5
SAN DIEGO COUNTY,CARLSBAD PD,125,1,20,146
SAN DIEGO COUNTY,CHULA VISTA PD,228,2,33,263
SAN DIEGO COUNTY,CORONADO PD,46,2,9,57
SAN DIEGO COUNTY,CSU SAN DIEGO PD,30,0,8,38
SAN DIEGO COUNTY,CSU SAN MARCOS DPS,17,0,6,23
SAN DIEGO COUNTY,EL CAJON PD,118,21,18,157
SAN DIEGO COUNTY,ESCONDIDO PD,141,7,28,176
SAN DIEGO COUNTY,LA MESA PD,60,1,20,81
SAN DIEGO COUNTY,MIRA COSTA CCD PD,7,0,6,13
SAN DIEGO COUNTY,NATIONAL CITY PD,82,3,15,100
SAN DIEGO COUNTY,OCEANSIDE PD,201,1,26,228
SAN DIEGO COUNTY,PALOMAR CCD PD,11,4,0,15
SAN DIEGO COUNTY,SAN DIEGO CCD PD,35,0,11,46
SAN DIEGO COUNTY,SAN DIEGO CITY SCHOOLS PD,32,0,7,39
SAN DIEGO COUNTY,SAN DIEGO CO DA,122,0,0,122
SAN DIEGO COUNTY,SAN DIEGO CO PUBLIC ASST INV,41,0,0,41
SAN DIEGO COUNTY,SAN DIEGO CO SD,2658,90,147,2895
SAN DIEGO COUNTY,"SAN DIEGO HARBOR PD, PORT OF",129,0,15,144
SAN DIEGO COUNTY,SAN DIEGO PD,1840,12,163,2015
SAN DIEGO COUNTY,SOUTHWESTERN CCD PD,8,0,4,12
SAN DIEGO COUNTY,UC SAN DIEGO PD,35,0,10,45
SAN FRANCISCO COUNTY,CSU SAN FRANCISCO PD,20,0,5,25
SAN FRANCISCO COUNTY,SAN FRAN INT'L AIRPORT COMM,0,0,32,32
SAN FRANCISCO COUNTY,SAN FRANCISCO CCD PD,19,0,1,20
SAN FRANCISCO COUNTY,SAN FRANCISCO CO DA,37,0,0,37
SAN FRANCISCO COUNTY,SAN FRANCISCO CO MED EXAM,16,0,0,16
SAN FRANCISCO COUNTY,SAN FRANCISCO CO SO,813,0,0,813
SAN FRANCISCO COUNTY,SAN FRANCISCO DEPT EMER MGT,1,0,196,197
SAN FRANCISCO COUNTY,SAN FRANCISCO PD,2140,28,0,2168
SAN FRANCISCO COUNTY,UC SAN FRANCISCO PD,51,0,10,61
SAN JOAQUIN COUNTY,ESCALON PD,12,11,0,23
SAN JOAQUIN COUNTY,LODI PD,70,6,16,92
SAN JOAQUIN COUNTY,MANTECA PD,71,2,13,86
SAN JOAQUIN COUNTY,PORT OF STOCKTON PD,16,0,0,16
SAN JOAQUIN COUNTY,RIPON PD,21,0,6,27
SAN JOAQUIN COUNTY,SAN JOAQUIN CO DA,38,0,0,38
SAN JOAQUIN COUNTY,SAN JOAQUIN CO SO,310,3,25,338
SAN JOAQUIN COUNTY,SAN JOAQUIN DELTA COLLEGE PD,14,1,5,20
SAN JOAQUIN COUNTY,STOCKTON PD,425,32,56,513
SAN JOAQUIN COUNTY,STOCKTON USD DEPT PUB SAFETY,30,1,9,40
SAN JOAQUIN COUNTY,TRACY PD,93,1,15,109
SAN LUIS OBISPO COUNTY,ARROYO GRANDE PD,23,1,0,24
SAN LUIS OBISPO COUNTY,ATASCADERO PD,27,0,4,31
SAN LUIS OBISPO COUNTY,CPSU SAN LUIS OBISPO PD,17,0,5,22
SAN LUIS OBISPO COUNTY,CUESTA CCD DPS,6,0,0,6
SAN LUIS OBISPO COUNTY,GROVER BEACH PD,20,1,4,25
SAN LUIS OBISPO COUNTY,MORRO BAY PD,18,0,0,18
SAN LUIS OBISPO COUNTY,PASO ROBLES PD,39,2,9,50
SAN LUIS OBISPO COUNTY,PISMO BEACH PD,21,0,8,29
SAN LUIS OBISPO COUNTY,SAN LUIS OBISPO CO DA,16,0,0,16
SAN LUIS OBISPO COUNTY,SAN LUIS OBISPO CO SO,310,12,22,344
SAN LUIS OBISPO COUNTY,SAN LUIS OBISPO PD,53,3,13,69
SAN MATEO COUNTY,ATHERTON PD,22,4,11,37
SAN MATEO COUNTY,BELMONT PD,31,0,11,42
SAN MATEO COUNTY,BRISBANE PD,14,0,0,14
SAN MATEO COUNTY,BROADMOOR PD,9,10,0,19
SAN MATEO COUNTY,BURLINGAME PD,38,0,15,53
SAN MATEO COUNTY,COLMA PD,17,1,5,23
SAN MATEO COUNTY,DALY CITY PD,91,0,1,92
SAN MATEO COUNTY,EAST PALO ALTO PD,37,0,0,37
SAN MATEO COUNTY,FOSTER CITY PD,36,3,8,47
SAN MATEO COUNTY,HILLSBOROUGH PD,27,1,6,34
SAN MATEO COUNTY,MENLO PARK PD,42,2,13,57
SAN MATEO COUNTY,PACIFICA PD,31,5,0,36
SAN MATEO COUNTY,REDWOOD CITY PD,82,3,17,102
SAN MATEO COUNTY,SAN BRUNO PD,41,3,12,56
SAN MATEO COUNTY,SAN MATEO CO CORONER,9,0,0,9
SAN MATEO COUNTY,SAN MATEO CO DA,17,0,0,17
SAN MATEO COUNTY,SAN MATEO CO PUB SFTY COMM CTR,0,0,67,67
SAN MATEO COUNTY,SAN MATEO CO SHERIFF'S OFFICE,310,37,0,347
SAN MATEO COUNTY,SAN MATEO PD,100,3,14,117
SAN MATEO COUNTY,SOUTH SAN FRANCISCO PD,80,5,18,103
SANTA BARBARA COUNTY,ALLAN HANCOCK CCD PD,6,2,2,10
SANTA BARBARA COUNTY,GUADALUPE PD,14,1,0,15
SANTA BARBARA COUNTY,LOMPOC PD,40,0,11,51
SANTA BARBARA COUNTY,SANTA BARBARA CO DA,13,0,0,13
SANTA BARBARA COUNTY,SANTA BARBARA CO SO,495,43,34,572
SANTA BARBARA COUNTY,SANTA BARBARA PD,120,12,12,144
SANTA BARBARA COUNTY,SANTA MARIA PD,126,0,20,146
SANTA BARBARA COUNTY,UC SANTA BARBARA PD,34,0,6,40
SANTA CLARA COUNTY,CAMPBELL PD,45,12,14,71
SANTA CLARA COUNTY,CSU SAN JOSE PD,22,0,7,29
SANTA CLARA COUNTY,FOOTHILL-DEANZA CCD PD,9,0,0,9
SANTA CLARA COUNTY,GILROY PD,60,4,10,74
SANTA CLARA COUNTY,LOS ALTOS PD,32,1,12,45
SANTA CLARA COUNTY,LOS GATOS PD,37,5,7,49
SANTA CLARA COUNTY,MILPITAS PD,86,1,14,101
SANTA CLARA COUNTY,MORGAN HILL PD,40,3,10,53
SANTA CLARA COUNTY,MOUNTAIN VIEW PD,86,11,17,114
SANTA CLARA COUNTY,PALO ALTO PD,77,7,17,101
SANTA CLARA COUNTY,SAN JOSE PD,1086,104,153,1343
SANTA CLARA COUNTY,SAN JOSE UNIF SCHL DIST PD,1,0,0,1
SANTA CLARA COUNTY,SAN JOSE/EVERGREEN CCD PD,7,2,0,9
SANTA CLARA COUNTY,SANTA CLARA CO COMM DEPT,0,0,87,87
SANTA CLARA COUNTY,SANTA CLARA CO DA,83,0,0,83
SANTA CLARA COUNTY,SANTA CLARA CO DA-WELFARE FRD,1,0,0,1
SANTA CLARA COUNTY,SANTA CLARA CO SO,1286,49,0,1335
SANTA CLARA COUNTY,SANTA CLARA PD,136,176,22,334
SANTA CLARA COUNTY,SUNNYVALE DPS,200,0,22,222
SANTA CLARA COUNTY,WEST VALLEY CCD PD,9,2,0,11
SANTA CRUZ COUNTY,CAPITOLA PD,19,2,0,21
SANTA CRUZ COUNTY,SANTA CRUZ CO DA,19,0,0,19
SANTA CRUZ COUNTY,SANTA CRUZ CO SO,152,16,0,168
SANTA CRUZ COUNTY,SANTA CRUZ PD,81,0,0,81
SANTA CRUZ COUNTY,SCOTTS VALLEY PD,15,6,6,27
SANTA CRUZ COUNTY,UC SANTA CRUZ PD,23,0,11,34
SANTA CRUZ COUNTY,WATSONVILLE PD,68,0,0,68
SHASTA COUNTY,ANDERSON PD,20,1,0,21
SHASTA COUNTY,REDDING PD,101,1,0,102
SHASTA COUNTY,SHASTA AREA SAFETY COMM AGCY,0,0,40,40
SHASTA COUNTY,SHASTA CO DA,10,0,0,10
SHASTA COUNTY,SHASTA CO MARSHAL,20,0,1,21
SHASTA COUNTY,SHASTA CO SO,123,6,0,129
SIERRA COUNTY,SIERRA CO SHERIFF'S OFFICE,9,2,6,17
SISKIYOU COUNTY,ETNA PD,5,2,0,7
SISKIYOU COUNTY,LAKE SHASTINA DISTRICT PD,3,0,0,3
SISKIYOU COUNTY,MOUNT SHASTA PD,7,1,6,14
SISKIYOU COUNTY,SISKIYOU CO DA,3,0,0,3
SISKIYOU COUNTY,SISKIYOU CO SD,74,10,10,94
SISKIYOU COUNTY,TULELAKE PD,3,0,0,3
SISKIYOU COUNTY,WEED PD,7,1,4,12
SISKIYOU COUNTY,YREKA PD,13,0,9,22
SOLANO COUNTY,BENICIA PD,31,2,13,46
SOLANO COUNTY,CSU CAL MARITIME ACADEMY PD,7,0,0,7
SOLANO COUNTY,DIXON PD,29,0,0,29
SOLANO COUNTY,FAIRFIELD PD,114,0,24,138
SOLANO COUNTY,SOLANO CO DA,11,0,0,11
SOLANO COUNTY,SOLANO CO SO,172,11,20,203
SOLANO COUNTY,SOLANO CO SPECIAL INV BUREAU,7,0,0,7
SOLANO COUNTY,SUISUN CITY PD,23,2,9,34
SOLANO COUNTY,VACAVILLE PD,107,2,19,128
SOLANO COUNTY,VALLEJO PD,104,2,20,126
SONOMA COUNTY,CLOVERDALE PD,13,1,7,21
SONOMA COUNTY,COTATI PD,12,1,6,19
SONOMA COUNTY,CSU SONOMA PD,12,0,2,14
SONOMA COUNTY,HEALDSBURG PD,15,0,7,22
SONOMA COUNTY,PETALUMA PD,65,0,15,80
SONOMA COUNTY,ROHNERT PARK DPS,68,0,15,83
SONOMA COUNTY,SANTA ROSA PD,163,0,27,190
SONOMA COUNTY,SEBASTOPOL PD,13,3,6,22
SONOMA COUNTY,SONOMA CO DA,12,0,0,12
SONOMA COUNTY,"SONOMA CO HUM SRV,WLF FRD INV",5,0,0,5
SONOMA COUNTY,SONOMA CO JR COLLEGE DIST PD,9,0,3,12
SONOMA COUNTY,SONOMA CO SHERIFF'S OFFICE,418,0,27,445
SONOMA COUNTY,SONOMA-MARIN AREA RAIL TRANSIT,1,0,0,1
STANISLAUS COUNTY,CERES DPS,49,3,11,63
STANISLAUS COUNTY,CSU STANISLAUS DPS,12,0,2,14
STANISLAUS COUNTY,MODESTO PD,194,9,0,203
STANISLAUS COUNTY,NEWMAN PD,13,4,0,17
STANISLAUS COUNTY,OAKDALE PD,20,3,10,33
STANISLAUS COUNTY,STANISLAUS CO DA,20,0,0,20
STANISLAUS COUNTY,STANISLAUS CO SD,520,30,1,551
STANISLAUS COUNTY,STANISLAUS REGIONAL 9-1-1,1,0,45,46
STANISLAUS COUNTY,TURLOCK PD,75,0,15,90
SUTTER COUNTY,SUTTER CO DA,4,0,0,4
SUTTER COUNTY,SUTTER CO HEALTH & HUMAN SVCS,3,0,0,3
SUTTER COUNTY,SUTTER CO SO,102,10,9,121
SUTTER COUNTY,YUBA CITY PD,62,3,8,73
SUTTER COUNTY,CORNING PD,13,0,4,17
SUTTER COUNTY,RED BLUFF PD,24,3,9,36
SUTTER COUNTY,TEHAMA CO DA,7,0,0,7
SUTTER COUNTY,TEHAMA CO SO,73,10,6,89
TRINITY COUNTY,TRINITY CO DIST ATTORNEY,1,0,0,1
TRINITY COUNTY,TRINITY CO MARSHAL,4,0,0,4
TRINITY COUNTY,TRINITY COUNTY SO,34,5,0,39
TULARE COUNTY,COLLEGE OF THE SEQUOIAS PD,6,1,0,7
TULARE COUNTY,DINUBA PD,33,2,6,41
TULARE COUNTY,EXETER PD,16,4,0,20
TULARE COUNTY,FARMERSVILLE PD,15,0,0,15
TULARE COUNTY,LINDSAY DPS,16,1,0,17
TULARE COUNTY,PORTERVILLE PD,73,4,14,91
TULARE COUNTY,TULARE CO DA,39,0,0,39
TULARE COUNTY,TULARE CO SO,522,15,22,559
TULARE COUNTY,TULARE PD,72,0,12,84
TULARE COUNTY,VISALIA PD,145,0,25,170
TULARE COUNTY,WOODLAKE PD,11,3,0,14
TUOLUMNE COUNTY,SONORA PD,12,2,5,19
TUOLUMNE COUNTY,TUOLUMNE CO DA,2,0,0,2
TUOLUMNE COUNTY,TUOLUMNE CO SO,91,3,13,107
VENTURA COUNTY,CSU CHANNEL ISLANDS PD,12,0,6,18
VENTURA COUNTY,OXNARD PD,214,6,21,241
VENTURA COUNTY,PORT HUENEME PD,20,5,4,29
VENTURA COUNTY,SANTA PAULA PD,31,8,7,46
VENTURA COUNTY,SIMI VALLEY PD,116,0,17,133
VENTURA COUNTY,VENTURA CO CCD PD,14,0,0,14
VENTURA COUNTY,VENTURA CO DA,51,0,0,51
VENTURA COUNTY,VENTURA CO SO,718,12,35,765
VENTURA COUNTY,VENTURA PD,138,0,15,153
YOLO COUNTY,DAVIS PD,54,3,14,71
YOLO COUNTY,UC DAVIS PD,44,0,10,54
YOLO COUNTY,WEST SACRAMENTO PD,71,2,0,73
YOLO COUNTY,WINTERS PD,10,1,0,11
YOLO COUNTY,WOODLAND PD,68,0,0,68
YOLO COUNTY,YOLO CO COMM EMER,0,0,36,36
YOLO COUNTY,YOLO CO DA,13,0,0,13
YOLO COUNTY,YOLO CO SHERIFF'S OFFICE,80,5,0,85
YUBA COUNTY,MARYSVILLE PD,18,10,10,38
YUBA COUNTY,WHEATLAND PD,8,3,0,11
YUBA COUNTY,YUBA CO DA,2,0,0,2
YUBA COUNTY,YUBA CO SD,116,20,12,148
YUBA COUNTY,YUBA COMMUNITY COLL DIST PD,4,0,0,4
YUBA COUNTY,** GRAND TOTAL,83252,3861,7947,95060
